3475972912
2494775578
3359785254
3476469956
3036415359
3476922992
3394837546
3029886377
3163037016
3476559834
3414732218
3417462963
3430615416
3442608161
3464538532
3475778793
3476343864
3463218367
3475869935
3476373036
2465549527
3417136010
3463443807
3444785179
3464948824
3417194859
2770882594
3444572557
3477079499
3463108979
3475699898
3464823010
3476892055
2521822942
2016913984
3463865286
3451153067
3443420369
3476268033
2490874033
3476274237
3430368453
3476107938
3429936361
3475337060
2905562102
2492912322
2585395435
3464663948
3403018756
3364274309
3463728848
3475813994
3476451043
3475756083
3463304658
3464036591
3476955639
3464501430
2782668911
3475196217
3463937343
3464768354
3430739738
3475642358
3284235421
2938228431
3430357453
3238655972
2129517619
3476087173
3463197482
2770639691
2379016134
2929135821
2769737669
3441684465
3443132499
2950562479
3443499042
3445008416
3443926723
2770244163
2770365603
3207787681
3444148767
2770529003
2162743552
2788784961
3012405107
2689757655
3463178716
3430282499
3475295279
3476483623
3476893403
3476291522
3476528968
3118455216
2786075614
3464823740
3170494169