3463453297
3475534981
3430809391
3293515609
3476703197
2493870168
3464693248
3464816902
3475809618
2493895161
3402773375
3464487719
3475952817
3464966776
3476003620
3429800455
3464408442
3476269855
3463428730
2791170058
3464828544
3463633611
3476504328
3475247442
3463753256
2494861513
3475648710
3476173091
3463268070
3476711631
3464945396
3463106894
2790315940
3463737269
3418663944
3464548701
3331309299
3463753344
3464786599
3463542642
3192109887
3464890434
3140693511
3476848383
3464281822
2491887434
3429904048
3476391942
3417853679
2676291037
3463713198
3464977050
3464677143
2980184152
3475732571
3464723506
3414999588
3417183914
3463178716
3464253703
3430282499
3417892087
3475295279
3475156646
3476602628
3418497881
3476176460
3388697052
3463809869
3476483623
2662588454
3430698754
3476114965
3429685010
2628229078
3476893403
3463986505
3464618577
3463629601
3476291522
3463156650
3475683827
3476528968
3118455216
3464823740
3170494169